111111110100000010000000000000000010110111	0
011111111111100010000000000000001101001000	0.0248097144067287
000000000000011101111101110111110010110100	0.0161132793873549	
000000000100011101111111111111110010111111	0
010110101011111101111111111111110010110100	0.0167446453124285
010110001011100010000000000000001101001000	0.0363787710666656
101001110111100010000000000000000011110111	0.00548605434596539	
100000000000011101111111111111111101000000	0.014345221221447
100000001011100010000000000000000010110100	0
010000000000000010000000000000001101001011	0.00689254747703671
011111110110111101111111111111110010110100	0
010000001011100010000000000000001101001011	0
100000101011100010000000000000001101001010	0.0174489580094814
011110101011100000000000011000001101001011	1.24622511863708
010110001011100010000000011000001101001011	0.00693000480532646
