111111110100000010000000000000000010110111
011111111111100010000000000000001101001000
000000000000011101111101110111110010110100
000000000100011101111111111111110010111111
010110101011111101111111111111110010110100
010110001011100010000000000000001101001000
101001110111100010000000000000000011110111
100000000000011101111111111111111101000000
100000001011100010000000000000000010110100
010000000000000010000000000000001101001011
011111110110111101111111111111110010110100
010000001011100010000000000000001101001011
100000101011100010000000000000001101001010
011110101011100000000000011000001101001011
010110001011100010000000011000001101001011
