000010010000000000000000000000000000000000000000000100000	0
000010010010000111111101111101111111111111111111111111111	0.00826009176671505
000000010000000000000000000020000000000000000000000100000	0.0250353589653969
000010010000000000000010000020000000000000000000000100000	0.0116594647988677
000010010010000100000010000020000000000000000000000000000	0
111101101111111000000000000020000000000000000000000100000	0.0161491576582193
111101101101111011110010000020000000000000000000000100000	0.0182651486247778
111101101101111011111111111020000000000000000000000100000	0.00238803331740201
111101101111111011111111111101111111111111111111111111111	0.00458957953378558
111111101111111111111101111101111111111111111111111011111	0.0199242103844881
111101101111111111111111111101111111111111111111111011111	0.0139813162386417
111101101101111011111101111101111111111111111111111111111	0
000010010000000000000000000020000000000000000000000000000	0
000010010000000000000000000020000000000000000000000100000	0.0207653455436230
