0101100101011101000101101000100011110100001010111000110011110100001001101010111100000010010000110101	1.9274342402
1011011001000110001100111010111101011110110000111111001110001001001101101010110101000101111101000110	5.13167662609
0101110110011010111100010000101111001000111010111010000001110110000010100111010111011001010111100000	5.56794208879
1001111001110001101101010100110011100110101101110111010000010010001111101000000110001110111111000101	9.27222925958
1101011000011111101011011010110000011100100101000100011111000110000101011001101110111000101110101110	6.72813720951
0111001110010110001000100101000101001110110000010010110010001100100110000000001101111111110011101100	0.733235256672
0010010011100011111011011001010000001010000001100010011011000111011111011010001000111011101101010001	2.58914452321
1010000010010001101100001011110010110111000111011110011101100100100010110010101100100110100100100010	4.57084831922
1001010101111111000010000100100010111110101110110101001011001001100011100000111001011110101100100110	0.000814933840736
0010000111100000010000111011001000001111111011101011011100101001100010101010000101110010000110111011	8.38262950158
1110011011011110111101111111111111000010110010000000010100000111010011011000100011001010001011110111	1.18141562217
0001100100011010010011011100010110110001010001011001100001010000000010110011101110000101100011111101	6.54553669292
0001110111111010010110001000100100010010001100111001100000111010000101010100001100111001001010010111	0.820539802508
0010101100000011001011100000001010001011001101011001010001001111100011011001000011101100111010111001	3.06066529261
0101101101101001000111000101110111001111001110000001010100001000011010011111110100011001100000101010	2.67042821547
1111100000001000010011010011111100101000011111000100011111110001001111111110100010101100101010010000	5.47160651546
0001111100110001001100100000000111001110001111111111000010100001111100011111100010101111011101011000	2.077840524
0110010110011111111010000111011101001001110011101011111000010001001100111111010110111000010011000001	6.55378991735
1111101100010101110000000010110001011001000111010100001000100111001111011101111011010001111100111100	5.04386194393
0010110010001111101011110101101100101010111010000100111011001110001110110101110000001101000010000000	9.09954295561
1011010011110000100111101101101010011010110010110110101100110000010101110011111011111011100111100011	5.86731198331
0000110010111011000011000100010001001110010000111010110000011101001011010001001001100001111011101101	7.27583997886
1101111100001110111001100001110000001000110100000011111010100111000011111011100111111110000011111001	7.42396922493
0001000101000010100001010101001001001010000101101100001000011011101011010011011111110010111010111111	8.03718707817
0000001111110001000100010000101010110010111100001000111001000001011101101111101100001010100110000011	1.31002834212
1001010001001000010011001110000100101110100101101001000100100101110010001111011100001100101101100011	2.00692930121
0101101111111111110100111110111101110010101010101010100010101011000000101110101011000110000101001110	1.04920594497
0000001000010110110001100100101110001100000110011000000110000000100011111110110010001101010101101101	6.90478671576
0111000111100111010100000001011011010111101001101111101101000010111000001101001111110000110011111001	9.63905144787
1111011001101001100101111100000011101011010100101010110000000010111010110000110111011000100110100100	8.13886099816
1100001010101101110010011000011111001001001011100111010001001001000101101110010010110001100111101001	0.870605512167
1011101001011101000111010010000100111001011000010011100000001001110110101111110001010111110100100101	2.9978909123
1101010000100011001010100011011101110001011101010111000001010101010100010011001010110101001010110010	7.81279894655
1110101111101000110001010000110110110010010010111100000111000101100110000110100111001010100010100110	3.47467249628
1111110001010101010010001010101100010011110001101111010001000011010111101101100010110001010110000001	3.58646272599
1110101000100100010111111010110010011100000110110000001001101100111111000001110000100000000101100011	4.8524125669
0001100011010001010100000111100011010011111101011110000101111010000111001010110000101111011011000010	5.02773204758
0100001001000001110110000011110111101111100000100100011010100000010010101111111001001110101101010101	2.9005612223
1000000111001101111001101111000000100000110101111011110011010111001010011000101001011100101010111101	2.3950852102
0001101001100011001001101011010011111010001110010111101101010000111011101101111111010000110111111000	6.69366965401
1101111110100001000010000010110011010000100111010110010001000000111101101000001001000010011110010111	9.74704178046
0111110000101110101000000110101101010011101000011111010101100100010111110010000000011000101100000110	6.09501027412
1010001011010100011110010001011011100001000010110100101111001010110000010110011100000000000110011000	1.12828875417
1001101010100111111001101111100110110010011001001101111010010100011111001111010011111000101111001101	7.69338424896
1000100100010101011100100110100110101001000000110011111110111101100010101010101011110001110001101100	7.61928099577
1111101000011000111011101101111001011001100100000101100011001010001111011001000111011011111110010111	9.13313675258
0101111010100001100001010100110110010110000000111111111011011011111111101001111011000110000011000101	3.99582702721
0001011110110000111000000101100010010011010001010100000101001010110111000100100110010001011110010110	2.83626404331
1010100100100010101111000100010010010011010101110000100111101110101011100101011111101000010011000011	6.44958039028
1101010011001001100100000111000010111101101010001101000010110011010001011001100111001000001000110010	0.557274467448
0001111101010001001111000101010101010100110001101100110101110011111001010001001111001100001101000100	2.57153106775
0001111100000000010111110010100010010000011101010101011100001101100111001111001110010010000001111101	4.9839079594
1101011010011000110011111100111110011101111000101011110110011101100111101010100011011110110101001000	8.0380486042
1011010101010011011110110010011110010000011111000101100101110010101000001010100000101101011100011000	3.99728856647
1101001010001010010000101110111001000100101010000100100110011110111110000000001011010101101010000111	5.92362516406
1001010110010011100100011000111000000001111101001001100110010001111000001001010100011000110111101111	3.04677764541
1001110001101100011000100100101111100000011101001011001101100111101101110100101110101110011011101111	6.03016380745
0110111110011110001101100001001010010000001011110101111010010110110100100001100111011011011111100111	8.81970113257
1011111001111111101111001101011101000100001000110110001011100000100011110101001100111010101011101100	9.53353537031
1010111011011010101110000010110000101100001001000101010000011011001001010011010011010100001000001100	0.551450565971
0111110110010010111001110010010001001000011010010111000000011001010011110000100000001001100111010011	6.32176046708
1110000101000001111111010101111101001100111001111110101101101010110000111100101111101000010010111110	9.62842053608
1000000010110110110101010011000100011010000000110111110011101000001001110001011110100111000111010000	3.88616597387
0010110111011100010101001110101100101011101010101010011011101100001100110011111000100011010111000111	8.72320130146
1001111101111000001000101110111100010111000000110100110011110110010010010101111001011010100000001001	4.9957457692
1000010100001001101000110101110111110100001100010000001111010001001101000001001111111100000011101011	2.15422455035
0011000001101100001111001000010010011010101011101011000011100010101101100101110111111010000110101001	5.68145140633
0010111001011011110111111001000010110111110000011000100000111111001000111001100001011010001110100111	0.516690093076
1001001010111111001100111010010000001101101010000111001100110011101101001010001001000100010110000011	5.84128915142
1110000110011110111111010010011110100001100110100100110010111101001001011101110110111001011100111100	6.82627092708
0101100010011110001111011001000101000101010000101010010000001000101001110101011111101000011000101010	4.73607041824
1010100101000000101010011011111111110000110100011011010011110000001010111101001011011101001010000110	7.28816842426
0100101000010000000010000000111100100110110001110110010101110011001111111101100110000001010111110000	1.63959100871
0110000001010110111110110010001001110011001000000100110000110110111010110111101110101010010010100001	0.462459554248
0100011101100111100011011101011111111100011110000010100100110001100100000000010010010011111000010101	7.49148542447
0000111110010111000011101100010000101001000010110011000000110000111001110010011110001111010000000101	8.21450367301
1011111100001100101001010101010110000000011011111000100100010001001011011010000001100110001010000110	1.36160797041
0010010100101110001001000001110001001010100100100001111100011101100110010011111100111101111001001011	5.83005813176
1110001111010101010111110110111100110010101001101111101000001001111011111100110010111110111101011101	5.0227969173
0101111001100110011000101011000100011000110100010101011010011100101000010111101100010111111101110111	5.3540892698
0010001101001110110100000111011100000010001111010011001010011010111010011101101001010000001011100111	4.93987296111
0001001001001001100100000101001100001000001011011011000010101111110111000101111101111011110001111010	4.81595660338
0011110110111101000011000100100000010001110100010101011100110011000001101011101010000111000001101101	7.78972860569
1100101011010001000110101111011010101101001100100100111001000110000011010100001100111010101100010110	5.32268083624
0100101100110001111011100010000110010101101111111111000111000001100000010110011000001101110011110110	7.70656182485
1110111111001101001011001001111100111000011000100111101011000011111001011001101011110010100100000011	0.71701852326
1100110100100010001111000010001000100101101101011110011001100010000001100011111010111001110010110010	7.10754572645
1110111011010100011110110110110110001111101110111010000111011101000001110101111111001111111000001000	4.10902287879
0011001100000000011100110011101011101010100010100111011010011001111001011101001100110001100101111010	0.734219939315
0010011101001000011101011101111001111111110001010111001000100011000101110000010100111101101110100001	2.23766161169
1000001011000110001101100110101001111100101111000101101000001001101001100010111100111110000001001111	4.7230481376
1001000011000110001011010000010101011100011001011000110000100011001110100011101011111001101111001000	8.6438546411
0011111000000110001011101010110010101010110010100011000000000101111011011011010100011001101011110010	9.97957894233
0011011000010111110100011110000111010010000001110000010110000011001011010000000111101110011010001101	8.36541195734
0101001111101111110110101010100101001000110000100001000100100111110101110010100010010001010001001101	3.25430103553
0100101111001000100010110111010101101101101100001100000101110010111001010010010001010001010110000011	2.77938785591
1010110010100101001111010011010110000010001010100000001010011011001100011101110000000000011011110001	1.11881957507
0001101011110011111000000011011011111001011001111111000001000101001100011010011111001000001000000111	8.05497492395
0100110011000111110000011110000010011111001111110011011001110000101110011111110100001100111100111100	4.61050583426
1111010101110110110001001010010111111111000101111110101000000101001110000010010101010111101011000000	1.3097679421
