0111000010110000100010001011111010110011101010100011010111111010000010010101000110001101101100101010	23.7827865853
0111010100110001000001101000011001001011001110001000110000100011000100001111101100001110010000111000	29.9502598884
0000010111111100101000100111010011101011101101000001110110011011010000110000011011001110110111110001	9.10037788031
1010001000101010011111111100101100101000000101001100001011001000010011110010000000110111001000111100	4.80730323425
1110010011011010010111100010001001101100100111010011010010110101000110111011110000001110010001101100	29.8694023226
1111111110010110000110101111101100000111110001001111100001001010000010010000001011101110000111100011	18.6872777121
1010001000101101100100100101010101001101100001011101100100001000000010101100001000011001010110100001	3.01923427739
0000001110001100000100100111010010010101011000011001110110001101100010001111010010101010101100110100	14.9422152718
1010001000101100111100000011001101100011010010010001010001101000110100100010001101001101001110011100	4.55779183223
1010001000101000000010111110001110011000010101010000110110110010100101011000100010100000101010100111	3.98897194553
1010001000101110100110110111011000010110111110000110011111010011110101010001101000010011110111001001	3.93106371248
0101101100111111011111110010110111010101000000000000100100100001100011110101110000001110010001001100	24.6879336917
0001011010100010111100100111010010110111101110111100000001110110110011010000000100011000110110111100	8.8395811933
1010001000101001000001000101011001010101010010101100011101110001001111010100010001100001011111000010	5.823774539
1110001111001101001111011101100011111001000000001101011111111010000010010100000011110000010110000000	17.4649409794
0100100110100101111000100111010011100110101110100101000000001001010000010010100011100011110000110100	13.53689312
1010001000101011001101011011111101011100111110010001000100010001100100011111110100001111000110010011	7.9271800843
0010001110110000011010010100100001111110010001010111101111000001110111101100101101100010011001000010	10.5806337881
1110001111101111010001100101110100111110000100011000011111101010000010010100101010111110011100101101	19.2645648194
1111111000100000110111101011010011001111100000011011010000000010001111101010000000001110010000001111	22.1705698054
0111100110011000101100100111010011101100001000110110100000100010000001101010000000101101011010011011	14.2439472945
1000101101010001101011100110100001011110000000110011100011110001011100100100011000001110010000001000	20.1019204617
1011010101110000100101000111001010111010010001010111110001110001100001001011010100011011000101100000	19.8207153153
0100000100001000100001000111000100000001010001010111110111000010100011110010110010011011011010000010	18.9305369044
0011010110101000010010001000011100100001000111011010011000011010000010010001110000001101110111000100	15.9427274833
1010001000101111111100010000111010101001001100101100001011110011011110011010100111001011010010110111	8.95994321463
1101010001011011000111001011011011001001000111000111011111110010111011001011111000001110010001100110	24.6921011328
1010001000101010110101001011001111110111000111000111010010000101001101101000110001010010001111001000	2.52113983331
0010011111011010001011001001010000011000010001010111101000111111001000010010011110010111001110100010	12.6862965901
1100010000110111111000111000111100101111100001001101110011001010000010010000100000110000000110000001	17.5811606154
0100000001011110101110011111101100000110010001010111101001011110101101011010110110111111101001101011	10.1049127222
0011010110110110001100100111010011111000100001111100010010111011110010110111001101001110110111100111	8.38394574663
0010101111011110010100100111010010010011001100001100011100000001100100001001001100011100011100110010	11.9715754491
1110110011011111100100001100110011000110101000111100000101111100110011111111111100001110010001010110	29.1486046261
0110110100001011000011001001111010001001010001010111101000010001001010111111001011100100101000011011	12.0212528042
0011011101111100011110000100001110111000010001101110001101001111000110100110000000001110010000110111	25.4182344021
1000110110111111001010111100100010010101100001110010100001001010000010010100001100001010000001001101	24.3373783157
1000111101011100010101101101001111010110011101100001000001001010000010010111101101010001100101001010	19.5112869575
1010001000101001110001110110001100111100000111100000111011101010010111111100100111111001010100010000	1.9527510413
0100111001010110000011111010000110011100011100100010111011011010000010010110110110001011011101110010	20.568005641
1100001111110001010011111110000001111100100000010000001001101010000010010010110111111001100111101011	15.9273971997
0111111001110111100100110111000101101010101001101001010011101010000010010010100011010100110111100100	22.7935920356
1111110111100001011111001011101110000001010010100111001110111101001111110011110100001110010001111011	28.2512976387
1011111000001011100100100111010010010010111010010100110111110111000100110010111110101010110010110100	6.63547893443
1010001000101101100110111001110011100000011011000101001100000001010000110110011101101001100011001110	5.26202408268
1001000101001000011000100111010011000110111110000110110001011001101001010001111101111010110110011110	9.40682115186
1010001010101100110010001111011010010101001110000101010111111100000001001111100100001110010001010010	22.9129056139
0101100110011101110011110101100111100010010001010111111010110000001111100110101011011010010111111000	10.3948508257
0010001111111101001101100000001011000001001010110100001111001010000010010011010010000111110000000011	23.6739403433
0110001111011001101010000010000000100100100100001010011110110110110110000111100000001110010001010001	20.0795684189
1010001000101111010111100101101010110100011101110101010110110101111000101101100010100001001110110111	2.60198413325
1000010010111101010100100111010011001001000011001011001110010010111100110100000111101101101001000100	7.07941010834
1010001000101011011110111110101000110000100001000101000001111111110000101011101010111011010000100101	1.70824813325
1010001000101001100110111000011010101101111110110010111111011101000101101001110101100100000110010101	7.49598900247
1100001111110000110111101010101111100100101011111110110000001010000010010001111100101101111101010111	22.82315375
1110001001011000000001011011010110000011010001010111111111110010100111111011101101110000010100000110	17.2727695614
1010001000101010101100101001100010001000011011111100100110110000110101111000100101001001000100110000	6.42659173061
1010001011101101101100100111010010000101111111100100011000111110000111100001101110101100110100110101	13.9752681237
1111001111010000101101010000011011100011100110011010100100110101010000100000111100001110010001010110	27.6149183829
1101111100100000001001011100011110111101001101101000101010111010000010010100111111001011110101100001	18.1494772268
1010001000101100110001111000101000011111001000100101010111010110001010101101110001111000000001000110	1.07040647801
1110011100100110111101011101101110001011010010110011000010101010000010010011011111000000011000001110	15.7713012542
0110001110101111000000011111101100101011010001010111101001011100111010001100011001000101010110110111	13.4429222471
1011110101010110010101111101101010000000101001100100100101001010000010010101111110100101001100101001	20.9323272865
1111111100010001001000111100011110011010010001010111110011100000011001001011111000010000010101101100	10.5134578092
0011110100110110001100110100001111101111010101010111100111101010000010010111101001010110000000111010	20.7692568183
1010001000101110001011100000001001101010000100000100011101001010100101111100011010111010100000101000	8.98451965403
0001011011111111110100000001000001000001110011010001110001001010000010010011011010101100101010011010	18.5739960285
1010001000101000011110010101010101011000111000001001011011011110001111101011011110100011101111110110	6.10498133987
0101001000100010110011101001000110110010101010000001011000011010000010010010000001000101011001101001	18.208240945
0000000101100000000000010111011001000011010111010011101111101010000010010101000001111001110100011110	24.1261282718
1010001000101110000110001110110011110010010111101111010111100010011100100110100001101011101101101001	1.40330111642
0110011010110010101000100111010011111100001100001001000111001101010100000010111101010011101011111000	9.91449006029
1000110001101000111010110000010010001010000111101000011110111010000010010011001110110101100101101011	15.6512370664
1010001001011001000100111000111000111100111011111110001110101010000010010001011100101100011011011101	18.6166658723
1010001000101111011100100000011000101011100001000101001110110011110101011000001001010111101111111000	5.95938021283
1010001000101011101001011010000011100110000001000001110101000010000001011110011101010000011001101101	0.383302954267
1111011111010010001000101111011110100000100110111011001001001010000010010110111010000010110100001101	23.1354888971
0000111011001010011000100111010010111010011000001111010100001111101011101110110000000111010100110110	11.44748145
1010001000101111000000001111000011010011001000111011101111100000000100111101101001110001010000110010	0.199966431981
1010001000101101001011011010011001001110100010111111101110101010101111100001110000100010100100110010	1.75414546765
0101000011100011011110101101111101010011101000000011010100101010000010010010000011010111000100011010	22.8991629496
0100001111010000101011011000111001110100100000011110000011001010000010010111101110011100001100011110	15.3472241196
1001110101110000001011010000110111001010010001010111100000101011111011101000000111111101011101010100	10.6160391172
1011110010111111100100100111010011011010111101000001011100000100100101110100101110011111100110001110	5.27605868375
1101001100010010000111000011011010100100000001100110011010111010000010010001110101011101010100010000	23.637481451
1110000110110011010100000100101010001111100000010111110100111010000010010110010010001100101011111010	24.6849008418
0100111110101010001010011001111110010001001101110001111110111001100101100100000100001110010000010100	22.3346030396
1110010010001101011011010011000001000000101111100101100110111010000010010110110110010101010000010110	17.2909422971
1000101110101011011010110000111011111011100110111100001000101010000010010101001011111100000111001111	18.6794265027
1110101000101011001110001111000111100111011110011101101100001010000010010111100110011001001111010010	22.5799447146
0110000110010010011100100111010011010110110011101001010010011000011001111110110111011101101110001110	11.4043483616
1010001000101100111011101011010010111000111100101110011000101011100101000111101011111001110011001000	5.09310588434
0110000010100000111100100111010011011111111100001000111011001110110001111001011100110111100110000101	9.91722900695
1101101010001100011101111101111111100011010001010111111011100110010001001110001010011011100111010101	16.310838785
1010000101111110000100100111010010101011100111111011110100101001000010110000001001011100101011101100	5.34507458718
1100100111001010010000100111010011000111001110110010100011001010101000111011000001100101101110001110	11.6530035111
1010001000101001101101010011100011000011100101101001110011011111000111101001111100000001100101111111	3.24740311218
1000011010110001101000100111010011000110111011101000111011011101100110100010010110111101011010101000	5.76408758821
1000110010000101111101010100110000000110111000101000011101011010000010010100001111111010001000110110	21.220216084
1010001000101110000111110111111101100100100010001010110000100101100011011100111011101001010011000111	4.86898829656
1010001000101011011001000000100001101101111110000101011000001001100100100101000111011101011100001111	8.59840711731
1111000010010000111101101001001111010000100000100110001110001010000010010110100110110001000010010010	20.5934226852
1111011111010011110100100111010010011100010000011111001000100101101100010010111101010011001101101011	5.99410857865
1111010101101001011111011001110110010100100001101111110101001010000010010101011110011111000001110010	20.6729401422
0111111000011010111111011110111110011100010110010000101001101010000010010100110001010100100001100111	19.0664457274
1010100001001100011101100101111010011100110111000101011011011111110100000101001100001110010000001000	23.3985350751
1111001100111100000000011101000110101001100111010000001010010111110011001100101000001110010001110001	25.7145420061
1010001000101110001110010110110001010111001110001110110110100001010101000011101010101100111010000111	4.14936560675
1111011000011111010001011100000010100111111001000101010001011001001011110010100100001110010001011101	29.5776564005
1010001000101101100100111001001101011111111000111110101011011001010011111001000011111110000100000110	4.12379652689
0001111100000011000100100100000001010010110100000010101011111010000010010111010111011100100000011001	19.6833890524
0010010111110111100100100111010010101110010000010101001100001011011010001101011111110010100011011100	11.644608021
1010001000101001000110011010110100100000011101100110111101110110100101010010101111010010010001111100	0.72577320537
1011011110100000101101111101101010001000010001010111111010010011001011100010000111111110111010011001	13.2245206955
1010001000101010000001010101110000101101101011100101000010101000100001100010101010000110010000000000	1.66367514658
1001010100111011000100100001111110001100010001010111101111110011111110101100001011111011101010000101	10.1154040082
0011001101101111010001011110110000111000111100010110100000100011111011011110001000001110010000000111	29.7931913744
0011010100010110011000100111010010110101111010100011010100010100111010000111100011100011101011101010	5.17237250443
0110111111010000100100010111011111001010011100111110110110111010010000010010110000001110010000100100	28.7870562337
1100110011011100100110101101000000010000010001010111111110001010001111100001011010011000011111011111	15.8330008363
1010001000101001111110001110000011111001101110011100000101011010101001110110110011010000110001010101	0.938134661072
1010110111110000001100001100011111111001001010100100001010101010000010010110101011011110010111011010	16.350560384
1100111101101011101010011000000001110100110110001010000101101010100010011111001100001110010000001101	27.3590251049
1110000100110111001100100111010010001001100101000101111011101000110001000100100111010011101110111110	10.2471953816
0111000001101011100010011100110010101010100111000111101100110011001010001101010000001110010001010111	25.3755438759
0010111011111000101010010000011100111011111100100111011100001011001111000111110100001110010000100111	21.3618506965
0101000011010011011100100111010011001111111110110010010111100110010010010010110101010110101111011000	12.6587910798
0101101111011010110111101001110110110011110000100011010111001010000010010010100010010101001111111100	24.926855428
1011100000000100000011010100111111001101010001010111100101100000001000111010101110000111110011111001	14.5356967515
0111010101111001100100100111010010001011010001101000000010010101111011101100011000001101110111111000	8.87925146855
1110001111111111011101111100111011011011000011010011101010100111111010010010101100001110010000101000	29.0540485464
1001011100111000001010110000010000000111011011100100011100100101001100001110100000001110010001100011	25.6128375775
0010110001010010011100111110101100111110111100000000000001011010111011111100100100001110010000100011	24.3239490152
0110100011001011110110100011011000011010010001010111111011011110001110001001001001000101001101011101	16.6747500894
1111001011011101101000100111010010101000010100111110000111100111111110101110111111111100101111001001	13.525146947
0000111110010000100101011110011001100101010001010111100110110000000111010001101010000001100111011001	18.4022631507
0001110000100010111110000110010011001100100000011101110001111010000010010111110000101000101100011000	16.3900776424
1100110100111101011010100011001011011110100010000000001010001100111110100111000100001110010000111110	27.5863113705
1001110101011100100101001010101110101001010001110100010100011010000010010000000101100110011110000101	17.9197415698
0100000011101110101011000010101110100101100000001000010100001010000010010110011111110111101101011110	24.682983031
1011001101100001101011101000110110001110000000110110010010000001110010001101011000001110010001000111	26.2171214143
0000101010100001100000100111010011110011110100110000011110101110100111011101011010100111001001010111	5.23134565714
0100000110001110001100100111010010001000100111101010010001010111000100111000110111101000111000010110	10.6526040133
0111001101010100100000100111010011110100010001110010110000100110111011000111010010111100110001010100	7.11048333126
1110000110101101100000100111010011010110011101010111010111111110110100101001110111001111010101101000	12.5226870483
1001101100010111001000001011100101110101010011010101100000010010011011011001110100001110010000101011	24.8513591637
0101011010101101000100011011111100011001011111000010000000011010000010010010110110001110000100010110	21.8573154828
0011101010110111001000100111010010101001011010010100001000110000000100100111011001001001101100100000	11.5930336238
0111000000000011010000100111010011100000101010101111000001010101010100100000111011100001001110010101	7.29087986768
