1111000011010001110110011110111110100111001010110010011111000010100101000010111100000111000000000011	9.27215181022
0010110100000111100100100000011001111111100000011101011000111110010010100000110001110110011000010111	0.894021010318
0001001010001000110101011111110010101111001110011101110110000110111111100010000110111111100001100110	21.8423583508
1110011000010000011110011110111110100100010100000100111110110100110101101101011111100011001110010000	12.6230470936
1111011101010110011110111010001101001100111111000001010110001000001000010100101001001001001010101000	17.3819273864
1000101110110100111100001011010011010000001010110010101000111111110101001011111110110001000101010010	15.9070256333
0000000100100101001000111010100101111100010111101011100001010100000101011001110110111111100000111000	25.2787916867
0010110100000110100010010001010100100001010011000010001000100000001101001101100110111110001010101111	2.34757930288
0010110100000100000100100111101000011111111100000011111111110101101001110111111000100011010011111100	0.702696191231
1011110101010101011011001101110000100001110100111110100010011000001000010010000100110101101110110100	21.9314501009
0011111011101101010000110011010100000000001010110010110111111010101010110100110111101010000101110001	19.6682399572
0010110100000100101011101010111111110111110101101110000110111011001101000000111011110111001111110011	9.31549266117
0000110010110011101110011110111111011111000000011111100111000000111100101011000110000011110110010111	8.05061027329
0101111111111100101111000110010011010001010101101111000111011010000010100101111010111111100000101100	27.2767951901
0010110100000001100101100010100000100001100011110011011111001110010011001001100010011000001010110011	8.88479436117
1110010001010111111110111101011000011001100011101011011111101000001000010011110110111011100110000000	15.8921591332
0010110010000011000010011110111111101011001010111101110010010101000100000000110000101000010111111111	14.8222724727
0100001111001001010110100011011011110010000001100000110110011100000110100101101110111111100001110100	26.5396975859
1101100001011101000010100001011011001101110001011100110101011000001000010101010110011001011010000111	18.6858844804
1110101010101100110110011010111111000100010101100011101111001000001000010001100110110010111011010111	24.2059462136
1111001110101111000110111010000101101011001010110010111000100101011111111110100010001011001000111101	12.2070080015
0100110010100101000010011110111111100100000111000010001100111011011000001000111011001111000001111011	5.38363618925
1101010110111010111111100100001001001011010000101101001100011001001010101100100110111111100000010101	28.272951338
1100110001100101001010011110111110110000100111001101101010011010001101010111001110100011011000011000	8.13403171553
0001010101010010101010011110111110010000001000001111100001101000000010111101000011011110001000100111	7.87640651175
1001101011010101110101111101000111101001001010110010100001110001111110000101010111101100111010000111	15.6897757743
0001100101000100111110011110111110011110010100000000110111100110011101110010101101111000101001110001	6.42351288568
0001111101110010111100010101000010101101001101010000111110110011000000100101010110111111100000011111	21.4543413252
1111101100010001010001000011011000110010001010110010110110111001000100010001110111010100111001000000	19.4832698379
1011001000110100011101011001111001101100001010110010100000001101100000001111010101110110110101000000	18.0275611594
0010110100000111100010111111111111101001010110011101001111101101011001110110101000111101111000100100	6.31177208018
0001001111100001101110011110111110100110010010011101010100100101000100011100011101000101001101101000	9.11534383121
1110101000001010111010101101010010110110100111010100001001001000001000010100110000101100111000011110	20.7083419979
0111001111000001000110011110111110010111111011110101101000101110101000110010100001001001110101010001	5.79607440813
0010110100000100111010111111010110000000011000110010111111001110100010110010001100000001000100111000	9.28371056268
1110110011010110010100100111011100010101111001000110101110001000001000010000100000001000001010100001	24.596527313
0010110100000010100111111101111110000011011101010000111010001110010001001100110110010011001111011000	2.1873707409
0010110100000111110100100101111001100001101101011011000001110000110011101001011100001010100110001110	6.61164303226
0010110100000000101101000111111100001011111000101110011111000110000100101001111101110001011100010010	1.87500957607
1100101101101110010000111010001110011111001010110010101100011111111100100100001001000010010110110111	10.4256590793
0010110100000010100100111101000001010001101111110101001000000111001101111011011111101100010000101001	3.91714966721
0100100100100000110100001110101010010100001010110010101010101001110111111100111001101000110100101100	13.2771280661
0010110100000111000011101111011001100000011111000100011110100111000111110010101110011011001111011010	6.37283078548
1010011110010011011100000100001010011110100110010010101010101000001000010011001011111010110110000000	21.6692240187
1010000100000001001011101111001000100001000010000011000011011010100010001000011110111111100000001100	25.1626668114
0000100000100110101011100011001010100000011011110100100100011110000010010010001010111111100000100101	24.1385969183
0100111010001101010010101111101111111100101001100010011001000110110011010100101010111111100001011010	27.9700686258
1101010011001010111110011110111110001110010111001001000101101000110000001101000010011100001101011110	7.99443363032
1101101010001000111010011110111110001101011011100101010101111110001011011101110110101001100001100100	10.6378665297
0000010101010101101001001110111010100010001010110010100011101110101110001101101101101100001111010011	10.3631946676
1110010101111110010010111011001011011011100111011101000011011000001000010011001011001111001100001000	19.5830661715
0011101001001110001010101101101000001010001010110010101110010101110101111100110011011000101010000111	12.9586513943
0111010110010110000110011110111111101011101000001001100000111100101001011110110111000000011110011010	8.31681203695
1100000101100011011010010010111010111000001010110010110101111001111001011001100001101100101101001111	16.2646586793
1010110010010000010001000111001101001101101111101000001100001000001000010000101000110011011011000101	16.3164143552
1100110000110100100001111111010000011011001010110010101001010100010100101000011011001110010010011101	19.8815676821
0101000001000100101111111101100011111011110011101110010011011011101111000010000010111111100000011001	29.2329599668
0000100101010110101010011110111111000010000101101111100110001101100010110111000011100110101000111100	14.2347781257
1010101000011010110010011000100100110010110010101011101111100000011000000001101010111111100000011000	23.7605767246
1111001110100101000010011110111111001111000101010111010011001000011010110010000010011000111010000101	14.1930370281
0110110111010001101010011110111111000001110001000111100010011101001100100000101110010100000111111100	8.14701662742
0110110000010001101111010010011110101000001011101100001100010001110111100101000110111111100000010100	23.1217953023
1011010001001100000110100110000111011011001010110010100011011000000110110001111111011010001000111010	10.0311365319
0110001010011011100111110010111111001100111011010111000110010101110110000011001010111111100000111110	26.0588842515
0010110100000101010010000111000011000010111101111111101110011011000100100000000010000110000101000000	2.22696945485
1110110111100001011010011110111111111101101001110111000000100101101011010111011000111000010011010100	8.6399557986
0100011011011011000001110101101110100110001010110010111110010010000001111100001000100111101011011100	16.3697942909
1100001001111011000111000110111110011000010111101001001001011000001000010100111011001111100011011110	20.2354272094
0011011011010110101110100111100011101110111000011010111110010001011100000111010110111111100000100101	25.455504124
0010110100000111001011101000110010111000110111111101001010000100001111011000101101011001110101111111	8.72524751166
1111101001100100001111110001001011001010000111000110000001101000111111001111110010111111100001110010	22.6711541128
0100111101001011010000111001001001101101110011111101010011011000001000010111101011100000010011011000	16.8126508017
0010110100000111010111100001011101001111000110000010011000000101011101101000110011111001011100011011	1.52085848411
0010110100000110101010011100111001100111001000000010011011100101000110111100111100000010001111110000	7.77980516923
0010110100000110111000111101011010011110011001100000100101100010110000110111111111101111111000001010	0.770439613663
0010110110010110110001100011010100011000111010000110011001111001010111110011101010111111100001001010	23.0027246639
0010110100000100101100110010010101110110000000010001101001101010100110000101100000011101000111100101	8.59355147708
0011001001110101001100011011111001011001110010000111001000111101011101100100110010111111100000101111	23.303506169
1010001100000011001000111101010001100101101101000001001001011111001001101000110010111111100001011010	20.4253417107
0010110100000010010111101010001010101111001000000111100111100001101100011100111011011101000011100100	3.93880620712
0100010111110100100110000111011011010000001010110010111010111101000011010110010101100111101110001110	15.0953964822
1011101001001100100110000100001000011011000100000101001111111111110000011011110110111111100000010111	23.5524182979
0010110100000001101010010100011011011100101111011001001010100100001001010110110010000111011110011100	9.91161512151
0100011101101010110101000101011001001101101110100101010001101110001110011111110110111111100001010010	22.8373238131
1100101011101001011010011110111111100101111101111111110111011111011100010000111011011011100100100010	11.2881380391
0011100011001110110101101011111011011010000110110011011101001000001000010011100100010101011111111110	16.9949942793
1101001111100010101110011110111111010100001001000100111001011101100011010100100001100101011100000101	12.5002356555
0100010110011100011011110011000110100011001010110010100111000000010010000110110011100100110001110110	11.6218111309
0000000011101001111010000010010010001111000110011010100000001000001000010101101100010010101110101010	18.5568073587
0010101011101100110000011010011010001000101110011110101100011000001000010000001011010101110110111000	15.0451961834
0010110100000001011001010100100000101011101110001110100110111101110010111001110000101111010001111000	4.46671492787
0001000111100000100100000111110011010001010101011101011010111000001000010110110100101101011000010111	15.5167838686
0100011011001101100100010100011101110011000001011110011011101000001000010001101010111110101010010001	22.5389362426
0010111110011110010010011110111110010100111000100101101011000110111000000101110101101101000111011100	14.3438698621
1001001110111010011011011100111010010010110000111001110010011000001000010010011100100110011001001011	17.5973181605
0001001001110101000110011110111110100101110101001110111011010100000001010011110010110110101101011000	6.32624882618
1010000011000010000100111110110100111101001010110010111000110011111011000010001000000010000011000010	15.5577707974
1000011000101010101111101111100000010110001010110010110100010110110011000101001111000101111011010100	15.0513670385
0010110100000101001010101110100010100110000010110000001111110011101101111001000101001101011100111100	6.60630777223
0000001001001011110001001101011011010101000110110111110100101010100110101110101010111111100001111000	21.5474858308
1011011101100010101110100111000011111110101100111001101100001100101110111011000110111111100001100111	23.1431967827
0010110100000001101111000101111100000011010000110010100110011011000110100110111011100110111111101011	1.99063797245
0101010110100001010110000100010010001100101111101001101101111111110100100111100110111111100000001100	27.4075506196
0110100111010100010110110110011111011001001010110010110001100000111011000111000000111110100101101001	14.3182750921
0010110100000100111111010000001111010101001101100110100101001010110011000000000111010000001100011100	1.63164474027
1101101111001010010101111010011001101100001000110110101010001000001000010101100001000101100011011111	22.3294644304
0111110110101111000010011110101110110101001010110010111000110101110100110010100110100111100011100100	16.1479659117
0010110100000001000000001100110001100110001001100001110100111111000011110001011011011110010010101101	8.44499481706
0010110100000101010111010110011001000110001100100010000111011010101011011100011110001011101000000110	4.53396881939
1110010000000111010010011110111111111001100100000101111001000110011000110101101010100100001001000101	10.1546568443
0101000010110111001100100000110000110100100101111000101100111000001000010110101111111010101011011110	22.6686586005
0001010100011001000100101111010101101101100011010001010011110111011100100010000010111111100001000011	20.0925832912
1100101101111001010100110001100000101011001010110010111010100101000000111111000011110101111111010001	18.0091234504
1010000100101011110010011110111110110001101100110101011011100001100101011100100101001101001110000000	8.39819942697
0100010110100110000101010000001101100011011001010111100001000010100010111111111110111111100000101001	29.9569452967
0010110100000001011111001000101001111011101000100011111011000111111111001100011001001101111000001100	5.67311854594
1100100110101000010100101000101000010001100110101011010100001000001000010101000110001001110111111001	17.2084703273
0010110100000110101101010011000100000101111011110110101000101111000001000010110000011110110110101101	3.94925983135
1110000110010101000111000101100111010011001010110010110101001101110000001101110101100011011001010100	14.4299814242
1011111000011100111111000110010000100101110011000001101100101000001000010110101100000100010110001110	24.6961759394
0101001101000010000001100100110101110000010101111011110100101000001000010101011101011101111101010001	18.705623575
0010110100000011110011001000110010001011101110101110011110111000001110101000111011100000111010001110	3.05907186148
0010000010011010001010000001110000011111100110111101101111000100110101111001111110111111100001000110	22.6665704767
0111011001100111011010011110111110000110011111001101001001101110100011110111011000000010101100101100	6.02219861291
1110101111110110011000001100010011001011101011011011010110110100101111101111010010111111100001000111	26.5838168622
1110101101001110000111000011101111011010111001000100100010111010011001011110000010111111100000001000	25.8903611868
0110001101101010111111110000001010000011000110111000010100001000001000010110011100011110010011000111	18.4419798785
0010110100000011010101001111100111011110100100000000100101100110101011101000110100110100000100111111	9.36348947633
0000110111100010100010001011110101111011111110110101101111010000111101110010011110111111100001111011	29.1103585776
0011111110001011111110011000001100010101001010110010110001011000001100001011101110001000001111010010	14.6128286768
0010110100000010010001000000101010011011000011010100111101000001011010110110111001101001001001001111	9.07588896507
0010110100000110100010110011011101111100000010111101010001111001011000110001111001111111110100100000	5.71853349918
0101011011110000101010011110111111000100101111000111000100100010110100000111001100011101110110111000	6.64373285831
0000010011011000011110101100010100100111101110011100011001101000001000010011001010010110110110001101	21.7090116387
1110111000111110110011011101010111110010111001010001100011110000000000011101101110111111100001100100	28.572705454
0010110100000101010010000100010101000101010100010100111010000110110110010001001010110000100010010111	6.34271545465
1111011001001111000011000000000010001011011100111011001010111000001000010110101111011011111101010100	21.6655658478
1011100001000001001000001100100110000001111100011010110010001000001000010111111111110010000001100111	22.9282947026
1110010001100010111111111010000101100110110010100100100011001000001000010100011111110011101110100111	22.978055447
0011001100010100111001000001001010100101001111000000110011011000011111110000010010111111100001010111	26.9218386788
0111011010100100010010011110111111011010000101001000001101000011110010000010010110110011101110010011	14.3749655428
1111111101001000010010011110111111100100111100111000001110010110001101000011110100010000111101001101	10.7100671886
0010110100000000001000010110010111101011001101001111110110110111011000010001011101111001111010110111	6.78765455771
1011101011001000001100111111111100010110011111100100011111001000001000010000011001101001110110011111	19.9582631211
1011011101000010101110011110111111000100100011010101100101100010101010000010111101000100001111001010	11.5417661564
0110100111001000010010101011100001111101110000111010111000101110001101100111011110111111100001000010	23.9266704393
0100001000010011000001101010001000000110100111100110110000001000001000010111101001110010101010101110	16.7657294953
0111101010010100111001100100101111011010100000100100011101101000001000010111010001100100010011110010	23.2721672353
1000011101000110001010011110111111101111000111100000000110110000000100111011110000100111100110111111	5.80114792017
1001101001001111011110011110111111011101011101110110010100001111001110101111001110010101100010011100	6.25225402651
