0111100100000110101111111011100001111000001100001100010101110101101111001111011110011001111001110011	45.2401467423
0010111110001010000011111010000010010001101110110001110101100000011110010101110000010011001001000111	27.7081899946
1111010111001111110111011000100101100111101110110001111111101101011110100000000111001010100101001011	23.4966170057
0010001011011011110111110100110110110110111111100100101111110011000110110101101011010111101111111010	2.04695067666
0010001011011110101010111110100001101001100011000010010001000101100101001011000001111100111000010010	9.33766988183
1111101010110000100100111111100111101001011011001000000100011100010000101011010100101101001010001110	16.8730825193
1010101110001101001111011101111000101011001111001101101101000000011011011101100110011001111000110100	40.8300302559
1010100110111101111101011010001001010101111110100111101010001110110101100000100110011001111001100011	47.873812308
0100101111111110111010010111101010001101101110110001101100000110000000000111010001100111001011110010	21.8831013163
0111111000110011011111001001010110111111101110110001100010010010110110000000000110010001011100100010	21.3085629902
1111111010100010100000111001010001100001010111100110010100110110110101010010110010011001111001110001	45.2200659244
0010001011011110101101010000101111010000001011100110110111101001000101111011001100011111111001100111	7.32026919283
1001001001111011111100111111100111010010000110000110101011001110110011001101010011010100001110100010	14.1937267404
1011111010001110110101111001010101001100101110110001101101001111110001001100110101100101011010101101	23.2693756821
1011011101101010000010100111010100010101101110110001111010000000000100011110000101100010111010001111	26.9604536893
0010001011011010001011110000010110111000000101011110011111001011000101110101001000111010111101110101	1.38828419476
0010001011011001001011001100001010111110011101100101001010010010111011101100000011101000100000011011	7.29161939319
1001000011001100111110101111010001010110101100100001111100101000000011001101011100001110110010100100	33.5721915959
0111101001000101000010010010111001001011101000111011000101100001110111010100001010011001111000000010	40.2153297495
0010001011011011110111101100000111000000111101011111111110100110100000111101100110010010010111100010	3.3898992595
0010001011011100001101110100110111001011111111000111000000011001000110010010111011100110100101101000	5.77073863188
0001010000000110011000111111100111110100010010001001001111101101100000101011011011111101100001111111	15.5707893062
0111011001100101011000101011000101111110100100100000001001011001111110011101111010011001111001010110	44.8298367207
1000001100001011110011010110111001110011101110110001111100100011001010111011110101110111100111000001	25.8610493607
0100011101000100001110100101101100001100101110110001100010111100010000111011101011000100100000001010	21.2827106515
1010010111110111110100111111100110000000110010111000001010111001001010001100000100101111110010111110	19.9562316146
0001010100100101000100011100100101001011111000011101011110000001111011110000110110011001111001000010	42.2494322923
0000010100101001101110010010010110111110101101001111100000001111000000011011110110011001111001001100	44.1726875029
0001110010111100111100000011100110100100011110100001110010111000000011001111110101011111100100111111	34.1461876048
0111110110111011111000111111100110001100011100000010001110001111000011110000011011010000100101100001	11.0454066432
0010010110110010001100111111100111111111100000010111000011101100110000001001101001110111101010100000	14.2226921332
0110110101101010000010011011101100100010110001011101011100011000000011001100100110011101111001110101	38.4371116806
0100010001111100000001111110101010011000101110110001100101001001001010111011000101111011010110100010	27.5651813709
0011001011000111000100111111100110001010111010011111110010111010101010011101101100100000101000101101	14.2581278763
0111000111001110111000111111100110011001101101110000001110110001111011101101100101011100000011010001	11.7616914376
0111001000001000011110100101011001010111001011001110000110101000000011001010110111001110100101100100	36.5442195002
1000011111101101101100111111100111001101111001001101001110111011001100000000111100111001111110101110	14.7712451921
0010001011011100001000111100010010001000100110101101001011001110100101111111001101010000100010100011	8.11914829134
1011001011011000100100111111100110010000000011100100110010011110111111010010000100100111010100011100	13.1378804372
0001101000101100011111100101100101001010110011111111110111111000000011001100011001010111011010100001	37.84187173
1000100100011010101010010100110001001110111110111111001101110001011100100011010010011001111001100111	41.0467470144
1101101000101011010100001011000111101101110010100011001001011101110101011101110110011001111000011101	43.2339370491
1000101110011101001110111011101101001101101110110001110011100011100101010011110000111011111010011001	24.0512940792
0010001011011010011101111100000000101000011110011001111100111000001011111101001001111110000100101000	7.1880730542
0110011001011110111111101110011101000000001100011110010110101000000011001111110011111101101101001010	33.0665228456
1010100111101100101011001100001100011010101110110001100100101110101110010100011001011010110000011101	23.5059415329
0011011001001100010001001000110101001101101110110001100001010010111010001010110101000011001000000100	24.9409815842
0011100100011011010001101001010010111000101110110001101000110100110110101001001000010101011111011111	21.5852415801
1010100100010101010100111111100110101110101110111001101101111010001000010111010101010011011001010010	11.3917588993
0010001011011001011110101001010111011110100100100001011011000010011101000110100000100001010100111010	6.46405042118
1010001111110111101000111010000100110011001101000000010110011010000010001011011010011001111000011101	47.0662716021
0011010001101000011010111000001111111001101110110001100101111010110100001101101010101110010011111111	22.0289430723
1111000001000000100100001100111111011111001011001001000001001000000011001000011111111101011001101011	35.4527158218
0111111000010101001100111111100110100000101001000101100111011001110011001000110111010000101100100011	11.279065094
0010111110000111000100100000111100100100101011010000111010010100101010111101101110011001111000100000	49.0798643457
1100110111110011011000101101110001101111011011100011101110011000000011001110001110110000110111100111	32.9768205772
0010001011011100111000101110101000101110101001110000100101011101010010010100011010011001110110101011	0.648359484413
0001110001110101111000100000010000010100110011010010111100011000101011010101000010011001111000110010	40.9322089306
0101001100011010001001100001100000010110101110110001110101110110000011010101010000011100111110100010	28.1692054949
1001110000101101010000110000010000011011110011110010100000001111010000100111000010011001111001001111	46.542949839
0111101001111010001110001101000001001101101001111101111101001010111101101000010010011001111000101111	47.9381524873
0001010001000110000110101001110000011001011100011101111111101000000011001000000010000011111110010001	37.0139524931
0101111000011000101100111111100111010110100011000001011111000011111101100100110010100011010111001100	19.6048392392
0011111000111001001100111111100110100010000110111001111111001101000011110000110111000110011100101011	10.3940466935
0100011010000110101000110111100011001101001110011011111101101000000011001001111100001001100110000100	30.9461534215
0011001111001000001010101100100111010110010110000010111010101110001001111101000110011001111000001110	47.984784191
1111101111111011111101100101111111100100100101111101001100011000000011001011101000001101110001001111	32.3498706931
1110100000110001111011000110001011110011101110110001111001101111100101101101010010001011011101111001	21.1618936615
1111101111110111110110100011001001101010101110110001100001010010010010011111000011011110000001010110	29.0548465691
0011101000010010100001111010110011100100010100110111010100101000000011001101110011001011001101101111	39.4333189505
0111110001011000001001010111110100010011011010011100101111010111011001101001101110011001111000101101	43.3644178479
0001000010001110010010100111001001110101110100100110011100011000000011001010011010010010110011100000	34.6473166782
1010011011011011011000110111011100101101101110110001111111101010100001001110111001101111011011010010	26.6875945739
1001011110100111001111110001100011011111101111111010101111101000000011001110011011100000111111011001	36.2578352776
1000011001011011011101011100011111111101110000011111011111111000000011001100100011010110100101000010	31.8624041805
0011010110110011001101101101010101000111101110110001100001001011111101001111000100100111100001001111	23.6914139038
1101000110101100100000111111100110001111100111100010011010011000000000110001110100100110011111110001	15.2105186
1000100001110000110011100101101000001110111011010110111010001000000011001100001101000000010001111010	37.5742459597
0011110100010000001000111111100111110011001010010010110001001101011111101111110110100111011111101001	16.8718468168
1010001100100111001000111111100111010010001111011111100111000111011110111000111111010000111010111011	19.8258877713
1110100010000000100001100111110100101110101110110001110001101110011101010000101111100101111010011100	28.5893075279
0101110110111110000000101010100011100101100101011110001010101000000011001100111000100011101011111110	31.674230272
0010011110010000011111101101000010011101111101100111111111011000000011001000010000100010111111000011	38.2377606638
1101110111010010001101010100101001000011100001001111111001001010110111101100010110011001111000011111	42.4907713995
0010001101100111100111111100011110011001101110110001110000010101011110101000110111111100011101001010	28.6550531421
0110010111010101001001100100010010110011101110110001111101010011100000011100011011001000101110101111	24.3869434241
1010000111001101000100100111001111010001101110110001100100001000001111011111011111011111111100001111	28.8543796226
0111101001010001110001111000101100001011010100011100101010110111011111000010011110011001111000010001	42.2552862036
0101001011100111011000111111100111101101110101100111011101010110101100100000111101110111100001101011	13.7703596513
0010101111010001101110100010101100000010101110110001110111110100100011110101110000110000100000101110	20.1884131758
0100000100110110111001011010001010110010110010110011010101101011111101101111111110011001111000001000	42.049805697
0001000000000011010011100111110101111111101110110001100001000111110011100001101011110010100010111011	23.5551020312
1110000111101100101100111111100110011111110111101011100011010111001010000101000011011110110100000111	19.5847151777
1111001111001011010100110110000000000001011100111111011111111000000011001001101111100110000110000101	33.9227610302
0111110101000110000001100100100011110110101110110001100010101101110100110001101111101010110101111010	20.5712360773
0010001011011011110111001011100100110111101010100010001011101000111001100000101101110010000000101101	4.67518748262
1010000001011100111111111010110100010011101110110001110010101010101011001011101001001001000101000010	26.0954688054
1010101010010100111111110100010110000010101110110001111101011101010010100110000010111001010001010110	26.1992389325
0111101010010101101111000111000110000100100101001100010010011000000011001010010111100010100111100000	35.4359493737
0001010101010111101000111111100110101101010100000111111100101111100011110011011111111000101011101100	12.8275743457
