0000010110010011010100010011010110101001	35.2912289519
0000111111010001100101010110110010011011	11.8544792759
0000000111110110111000001100100011010001	20.3407532479
1010101011010100100110101110010000011011	15.2132073394
0011111010001110110011010011001010101100	34.6794024942
0000100110110001011100100011001100011001	33.482494654
0011100001101100001111101010100001110100	3.08658186345
1000001111010011011101011000011111110000	15.9842175359
0001110110111111111001101001011010010000	20.0279857182
0000011111010000000111100100101000000000	14.1520274779
0011111100011111110001010110101000100100	1.42275111782
0011001001111000111001100101111011010100	26.0366388154
0011111000010111001000110111000001101011	7.75747008759
1101010101101011110011100111001100001001	47.9931772409
0001010001101010100011001111111000001011	48.8809180161
0011111110001100001110011010110000101110	3.04308576828
0000101111010001001111111111000111010111	18.2144761032
1111000010010111111001010001011110100000	28.8246849425
0011110111010101010001000110001101000100	2.02612719479
0100111011010110101011010010010000101110	16.29554765
0110011111010110000010000111001010100100	10.1371895051
1111101011010100100111001011011111100011	14.3034458644
0101100011010001010000111010000010000001	18.3293815476
0111110011010001101110000110111001111001	14.7871796549
0011111001000101111100111011110010000111	9.82267880867
1001000011001000110010111100100100001001	42.9301728938
0011101000100011001100001010100100101001	2.8051587277
0100101001010110110101110011010011001010	36.06386222
1000110000001001110010001110001000001100	43.1189423014
0000010110000100111001001001100001000000	23.1896763874
1010010011001011111001111110110000001111	49.8489059472
1000010110011110111001111110000011101111	22.8100756728
1000101110111100100000100011011110011111	31.3090534735
0011101100111001111011010110101001100100	7.24043676922
0011101111111011101000001000101100001101	49.6966615796
0011100110011111100100000001101110010110	6.01233277707
0010000001100101000010011100110000001000	40.7992461938
1101000111010110111101000010001000001110	49.6562639441
0011100000000011001110011101100110011100	6.36004027124
0100001011010110010101010011100000001000	41.4068328631
0010110011010111111000000011011101101100	39.0417847902
0101110011001101111001011011000111010011	21.7318410648
0100101001101011111000010000011000010001	24.4654819043
1001100110000011111001100111111110101110	20.5960617218
1110111010101010000000000011000001001111	38.1266409041
1101011011110101100111000011100000001011	41.9973075348
0001011101110100111000110111111100011110	29.375332465
1010011110100111000000010011010010110000	33.0744775976
0111101010000100101111110011011100001101	48.7404261564
1101111100100111111000011111101001110100	23.8137220792
1001101011000001111000010000101001110111	20.1687915145
0111101111010111001011101111101110011001	12.534485031
0011110100001111010011101111000001101110	1.19434514236
1010101100110010101000100011000001010001	37.5099387563
0011101111010000001001111011110100100001	5.83366251322
0011100000001100011000111001101001110000	8.26860838576
0011101010010100111111100010101011010000	4.34898202452
0011001011010001100000011101100100001001	14.3232286097
0111100001011100100110110100000000001100	41.7032587978
1111001100111101011110010111100000001000	40.4716400537
0011111010111100111011101111111111101110	6.05805292802
1111100101001011010101110011000100111001	38.62542497
0010111011010001001111011101110101111001	14.0699865258
0011111010001111000001001010011100001100	2.79373318225
1111111011100101100100011111010100001010	42.2822968431
0110000011010110101100001110100110010100	10.4244582541
0110111011010110010000101100111001101101	17.1166584382
0000011111101000111001001000100101000100	21.0863691946
0011111101001000011000000000101010100000	3.873619672
1001001001101101111111100001101100001100	46.0489447548
1101000001100000000000000011001001001001	30.3991875408
1001111111001000111000100011010101001111	29.0995432237
0011101011101011011010000000111000001101	43.9145941684
1111110011010000110001010000111111101011	19.9258850048
0011101011001101001110101101010011001110	0.277859608309
0000110101010011110111000011010000100100	30.4115574082
1011101001101110000001100101010000001011	49.6365580952
0010000000111101111001011101001011101010	23.8655479569
0011101110010001111001111100011010001101	23.6693832071
1000001111111000111001000011010110001010	36.3524605283
0110110110001011111001001000100100011111	24.0757997087
0011111101110000011111110101010000110010	8.28678901163
0011100001001001111111011100011100011011	0.708172739309
0011101100100001000110110000111001100111	5.52854841765
0000000111010110100100110010011000001110	41.1878149536
0000001111010101111001101110000010011101	22.6849638904
0111101011010010110011011001100100010000	10.1188597824
1010001111111000100001000011000010111010	33.3268666127
1001000110010001111000011110100000001100	47.6728308163
0011010010000111101010111101001100001110	48.6044581851
1111111111010101011101100111000001111100	11.425126055
0101101011110110010011010100111000001100	48.7545824638
1101000111110011100111000011010101001011	39.3297864314
0010010100001111111000000111111101011011	20.8022786424
1110101011010011100001100000010101011110	14.5961584636
1111010100011111111011000110001000001101	44.9491851637
0011101100011000001100000011100100010000	1.61237423624
1000010111010011011110110110011101101011	19.62179699
1000101011110100111111000011000101111001	32.6707448505
1110000011010110111011110000111010110100	15.7437812415
1011111100100011100001110011001001111110	39.7995252428
0110111111010101110001100110011100110100	11.5288836765
1001111011010101100001100011111001111010	14.3568191757
1111010100000101111001000111011010011110	29.7391069594
1101010010111100111001110011100100001110	29.264922274
0111111010011001001111001110110000001011	43.4466488226
0011010110010001110100000001100100001000	46.8412028104
1100010001100100101110001100100100001010	40.5873051563
1110001011010100011110110111111000101100	17.3184606075
1101101011010011011110100101111000010011	17.2826469389
0111010100010110000110010000100100001101	45.5834150583
1000110001100010001001010011011110101111	32.1778794419
1001010001111001001111000011000110110000	33.5953323658
0010001110000011111001010101101100011100	24.3647267968
1011011011110110111001100100101110111000	28.4609135483
0100001111010101111011011101110100001000	44.1665617557
0011101000001111111100101001001101001100	8.3288421944
0011101000101101010111100110111000000111	6.78367348723
0011101000010100101111011000100111100011	6.48911957353
1100110101011010011110011100100100001100	45.5068615294
1001100010010001101101011101101100001111	49.2793561508
0110001011010010100000001001000001111001	13.0532766935
0011100011000011010011100011111101000011	1.96485998909
1111011011010001101111000111010000110010	11.2329092175
0011100011100101101011011111110010100110	9.23812452671
0010111111010100111111110011011100101011	30.1727304327
0101010011010011111011100100000110101001	17.3480024779
0010010110101010111101011101010000001010	42.1761778422
0011100111001000011001110101010000100100	3.95880364483
0110110010001000110010010011011001100100	31.955886045
0000101010010010111110100000001000001010	46.5759865115
0100100101011111111001111111010011010001	27.0735078891
1101010011010111101100011010111110111000	13.6284215738
0011111000010111100010111001000101011111	8.55624310726
0101000011010000110111001111011011000011	10.3406268543
1000011111111100110110101101111000001111	43.5983560528
0001110011100101111001101101010110111101	25.486952477
0100001101001111001011100101011000001100	41.0987374021
1100000011010011100111010100000001010011	18.4470557932
0011100000000101111101111111010011100010	0.660217583156
0111100011010110111101111110011100001001	41.8205232107
0011101100000111110011001110101100111001	8.00231590926
0011110010011101111011010011101000010111	1.15957996594
0000100001110101111001100011011111110010	26.5695221002
0101100100100000010101010011010011111011	30.92189631
0111101110101110100110100011011011110111	30.2843854227
1110101111001011010101010001100100001100	45.1671309011
0110011010000010000101100011010100001011	49.514573588
1001100111010010110101011001001001010011	14.1487050594
0000100111010111010000001000101100110011	13.4135600681
0100101010111100111000011110101101010101	27.4281037566
1010011011111010100011111110011000001010	43.9499090039
0011101011011101100000101001010110000101	5.65357797996
0101100011010110010110111011011011111110	14.9695546386
0111111111110001111000101011001100111001	24.8743645669
0000001100000010011010010011001111110010	31.0328389855
1000010110100111111001001100000000011010	28.0880313178
0011110001110010101101011011100101110011	9.18161175837
0011111101010110101010000000010101100100	3.53314589507
1100011111000010111000011101110100111000	24.3959483024
0000010101100100111001111101001011100001	27.265569
1100000010101100100011110011001011101110	31.5644857709
0011111101101000100001011000001111110001	1.5816928402
1001000100111000111000111000110010001011	28.7629296883
0011110100111000101101000101010110101000	8.77029787905
1111010000100001011011111110110100001001	49.7300884107
0011110001001000101010001100010100000111	4.92188103991
1100110100101000111000000100011001001100	23.1461084445
0001100001100101101010010011010111001110	37.3854838442
0001111100010100010101101111110100001010	47.1255807146
0101110000111001010101110011010111010010	37.120735741
0111110111010010001111110010101111110101	16.6437504635
0000001111100111111001100101010000001000	22.602773519
1011000110110111101101111111111000001011	40.4254436669
0011111100010000111000001100010101111000	27.3791507776
1000110111001000001011000110111100001100	43.2750972046
1111011101010100101100110011011100100111	30.4276468837
0011101000001000011010000101110110010010	9.32994991351
0011101000110000100111100001100001110000	0.355849880326
1101110000110000001111100011000111100010	33.4043419412
0001101111101001100111000110000000001101	40.7619724564
1110111001111001111000010010101010010001	29.8131132771
1101001111010101000100111101111001011100	10.8247986834
1001100111010111101101011110000001011111	17.96857657
0100010100011110000101010011011110000100	34.2193641128
1001000011010111011111110100111011010011	14.9599378355
0011100001001011011010101000000101010111	3.49131597413
0011111001001100101000110011001001000011	5.5347894985
1011111101011010111001111010111111100001	21.8908325798
0011110011110110000110011000010110101000	1.18743603899
0100101001011110011001010011010010111101	39.6206790543
0010111001001100101101011101000000001111	43.6219570288
0011100101001000000100110101001010001110	0.920330766977
0101001100001011111000011100001100100000	23.496081165
0000110001011000101011000001001000001101	44.5116872654
0011000110100010010111100111110000001111	47.225883145
0011100101101111011111001011110101111010	5.23635195348
0101011010001110111001001001011100110101	26.7276945352
0110110010111001010100000011000001100101	39.5467527831
1000010001110011001101010011011000110000	34.5407869504
